$ANSIBLE_VAULT;1.1;AES256
65363261663762613634373332636635366334383038313338636664636462346162353938363136
3063306137636161646337303663343765646463663463650a383431383965306533353364333965
62303939643939626164303464366637313464326465623465323466366263633463643163633233
6664663364636639330a393433636637386538373466366666373635386239616562623165396566
32386136613230616336323837336463653563303831646535393966333931623365656433333136
62333433383766616364653435383535626133633436313133386132383665373466623964613032
37663566396561613735666334376566353064666231363233343566353239393534313365393864
63343530616661643934636431386631353634623234353466313066316263663630616639353364
61313039386566646232306561663561303430383230316361363732396430336565383063383361
33356437316263333832373165333630313430386363633366356532363039386633323538636339
62346133323835376131656433363832626161363130343034633563656464376562653737643865
65313834666565333761363131663635343263343664386364373537363139303035633965663834
35633639643839366637613061333432643761656363333334303136356534336164343637376234
66663833396136613533373062383534306434343461666430643236633239303431343139653531
38663562343039383338613962336338373538346562393666366232633737326265633465383439
33646232663230366466363664393563653162363438653434343133383563613334616231306166
36343036373734366164666133333762636338623362306237333761366331663763376136646637
35346362386364663664373834376530326266366564623031346462633064353931343534316337
35643535333337613261326630333637613338343163633838653530366637306135643936323434
62313639623265306132633931376264313065663265623339363435656139303734653963306138
33333234393736386431363632373633626461656437643435313739323139663266306135653735
31613433636631623137653966626631373965343532343063396332373561386161633565636537
32396465613031366432653833366231346430353465353131356361303363613430386562373731
33383430336136373535373634663463323537383239616630616631633136323262363238643535
65346561653131613636666565333631343362393238653761363466396433336139303963353065
35643331343366376130376135333065373837353835363164393037623566383136616136323932
65343232363039633965393334343761353061336533633033336235326466313166323165383439
61393138356666316332383665373838646137626632323833626431646338363238643931303165
62306365623233343061633366373866376331333633646436373830353433616132626438613965
32323162383531313839346164636664396433306166393934323563393231623933386364393835
33323765383233663439306466383961616330336631663961333866666338346231376166613439
31303830373433356338633664353437323337303461663332623338313136306231656462623737
38663433663036613163396535653633656661633662363731643332366462323866653265366162
36656137623962356233373963346637393737313530316465643132373232633164316263333436
33363632643363626633636439636332663438656265353261313531643734663335396635633166
30346566323734366266363032346562626361663461343733663830313139646365643964613830
36643062653137656161356636336137386536356566353662656338353564333732346632336663
37393562386362646266313464303534363064333563333134383866633666656439306231373733
61613062303033383236633165323561626466393531333035303362646362653266303466633037
38323161623339656664623162356133666565363335346438616561323163323535666333386139
64323261333534636161633764383865346134636363376239633364343032393534636334323564
64386333643035643833303161393164643465646538346666636338633330613935646438373863
34393432623331326535306264613463616239383864356264653036376637326330383433653933
38366437666330323839656136336634633038316263393863623938633830303134623039336136
66643863616239316263303763356434353935316134346138626566646337656561393063353236
66616535333334363633353666643761663763303565353533646465383430633364396332666463
34316564303337373465656336386539386230633862393634353166663565313139656332653864
62656434333436353337303635666163626331313839383166393432653737383633383662316137
34366531353563393466613233623130633933303365646362646365643466306166633662396566
33356539656166326134666564636163313465653232336231303562366533376163626364613237
64393836383231636164383235303636636466356366393439636132633832663231303966666233
35353137343431316564636565346239346632623833346565393665393164356239313931613432
65333732663636376139333061336466646638346663323666626232646362613861346364396563
30386637363736646163353364353334366361646464323334656431633162306635333337356533
38626162326230333561663336383262396534663264356538383933353766303234363564326339
36376263383862316130653264643330313730376533633638316166643939616363363231356230
61363661366265333730373834323136336136653237633166343163343563396237386235633931
63383862363939303331346439353237396431373833323736363462303434616634613766636666
62313162396165316430306263383537383361323262643034396461623439623530653063623463
32616666363461323234303133363663356437313962643033303132343233336432626336666438
34623065363536356537613538646462383330386336343438656461633832333865316233316231
34343836343266363562313739343738356638633638663736323232303138323331666532623936
31643433663032396662303838633265376139616636656464313763353366353839636162616366
39636139343262393939666537636639396535633162666232316435333164326430656465613937
30303436396133323536346531316133363965376138303461616462313562363132636631343732
36633263363364613535656432623132313835353130336630313564346133636565623631613730
32656632636131386366333865313139613435343431316536663333333464653763303531326264
32636466613631353865633232306363386533623662353231333539653733393835633730343065
61643739333362626430316433333737376230383734366432356662363838303061386539343365
34636461346236326165386366656131366439646236643534643037383830353231363030313362
33323638316337653061343036326134366630383730613564313066646334633832343531326265
34366565633161346234663765393339353739356661653038323236353661363031353665623539
37313265666664333061336535343661393332643965386362373864313561653739396631333333
66303538623437346161323035333062383361326432663638646136373062623563356136313738
62306363393163353461376634656363363334653265323532333130343039346461373030333937
36366161636233343561633264373031626662336437353531643161343633623637316635356531
32653661303732626362323139323934396562363930313937333530336561306133343964633562
34663234646130613365356462633165643865316538353866653637313538313030373831343862
36653231323633323732656365616562306663663965333564326230396661393461313566643330
31313431323935333265383961373439366565633062366537373530623437363864373431313834
33373433616663633132613838343431323437363563363763356636353433656163393836396663
64303334633332356336326631656236383764666466346264313265313966326664393164633065
63396537626133386536323431353664336137366533376263323365626431326561383039623638
36353365306464303965663863613561636664666462366531313639343263366636656334353337
39613662373932383036356137663039656432376238333861353164386464653138643938366434
34323839383361653764373363323837326162323565323933316438323032636364373965616665
39333739616432643961303530653762393365303231393861386466386662633836326637656439
38616339346165343535336136663862353763663764323737383335346236336432313962626363
33323565353137363866336338366564393866623961303632366333353934646530613132343735
62666164383537663364346665333366316630656130643235656235303635383238306139313561
63313762363937666639636261303539303736333133353130343766333738663435633262323232
35383530376161346366303264663339336135646335343531343437393339646664643830383435
39366237666334376464663535666161613833623962313766333737663031623333626331383134
65366163386161306562353262303664366163663538316537353134353661393034366633656139
32386138626531386566306563623931373336316566376333643237306136366261363831666238
32383461353730376534653965306436636434393436333566643437303036336561306561653938
39613036386439643733373930343932643963626266626435653066666439303861336462363032
64336363373263363263376265356631336238323135373133353065626636666238386166303461
38326365333433393030666462333233393232353766373330353464633131353636626163333238
32376435343962346133623632616130383066336230313835613436386333623765346136333831
31653737326338383863643466663438356638376232323835346430343438386264623463626464
65656339383933656636653636396335326332353839653434653362363131613531303238356433
31326166623833643166376239373465373637623432616337373631363962623539363362623032
30613033626561363466306664643432363365613461666132316535616236653362656163393436
62363461633963316438643466393332363133393932663162616538306462666537643634396263
34633730353436656137663534393433363664623935306264653763663438376465633861626363
32313938343036656261646464616330346539356130633263376365616364393465656234366665
30356335356231366139373138376530386339366566393263363766313330363035393665343735
66646335313333613837366165313331323331623564656436396265633638396263333263353835
32626330333633333362336466653065643535623866623166623166616466346161663331643230
61613735636230653233363264656566373934376136613239633133653163303238326364626631
38636233613737396365613961646235626639316664373734613435376639316431376239646635
38373165343966353930643134376130373432333538626165303539323838313437623063643335
65376636656535643431626335383237396338313363363530656539383333363664373232313538
62393365363233336462363035396438623030353532326134336439623233376535323833396666
32356463613666393934363362373866663865383531336564633830396261353863366535656436
64316238353438356361323966323162306361363936373262303763346237383738346537326633
35386464663534373638383734646336363064336465356430316334623064633638383064383237
61346431383835613861653963313234316634663464316538643538376165306232316162306231
38656665306665363863336561623961616436326666383331313037396230376164613964313538
30343663636237373363373232386533666430646230616531643335363832613337633736383932
34396664303030336532343561303666633064376337316464613166363034313030653636333765
65306164313533326664626330636130663132353237616562346531313332303866343733303765
39346631336632313234663362383633626235363836326334353862623534376137396164316139
34663531353731623936666430633537333836633032383135663066353933323536313163383462
37363837633539633139626535633235306663646163316634356432393664303665353465623135
37643064663235393636373262616166376634386233393039643937393639343838363732666330
33653861633966613238623263376463666530666366643932623966303734616638666534373932
30383562336566653361646435613433313161393037633533646333383737623135396537386432
37343166333134333034646132623563356264383862653066316430306366386361643164396664
66303034383132373636626233343766636436643338373535613263653865653836356563663232
64656533613330373731313564323834333335313639623236303231353330613035633565383435
38663733613831623935656136663763613930613533646235656239346339353332636163353032
6630626362373266366637396139633863623862323832653336
