$ANSIBLE_VAULT;1.1;AES256
65393330346330303038363436643434393336343536623631306135393632383038643830376534
3032343364386664346431333530376132666437633933660a323934353034313437616437336337
63383166346633663634306239656561353664383434653232313138323162376231626665646339
6437396137366466620a636465393437396632623439303736313836633333353737613933383536
36386531323133383539373038623933383639333332353534346366643630373037616337353336
38333731316334333935353639313164346664636262343866336539613037626434613164653530
38643434323764323064313531623238636161313933353861393663373561336664383534613538
37616233373130313166636237316262613064376238626533316164343163386536373932303237
35653934633635323466356637353537316464376333303636303966666564653137356631353037
35353932333965643138383630653833663433653330373562666437306266393736316466343131
66376634326462353062643864303434393065646431613762636264646238623538366330366664
36393437393862663765636130336263656638663334346537643530663661343036353466363638
34323938616338306131363333613230616265363030613736623537663562373836333864313036
65366638336235356536363333353732316163376539393235373334396133343462333230376162
37343934303163363566616665353938313062393139303562323161316361393430393963323964
36653338643630383430333032376563333535636635383666653639303539353762353439613035
34363363333430383036643834306439626637633435346466343164626430623363653965666535
31303332383964333036356439336430356538326436643538613661383131366563333861316464
62363436653866663931373061303335656635323365623631663638323333373234646363326263
32316166353834633435653666333237633738363539616363393065646366626334323338636361
39376234346134376538656236383833303635353338326330353163313438333437336566313232
32636638323965656364393530623763346430663335623938643236396365643261396232616636
30366136323938326139623039373839626664343164373632333939396539336433613636656134
37366435396665306262316136396637613964393134633636366632313738343432323437393363
31393733666661656636386464343137323833613765643638653739346462386164373834303633
39346235313563613939373436343836393532626536333139373666636636313430353864343732
65653138336365386637353563626235383435386464656463383264663337323763303237376230
64646164613633366462623931383138393466636435626462633534323731323031653933643331
38303038626163396163623734643830333561376563616564366665373331373265636332303739
33353763333236633734613435333834663135363536353237643034363766363035346633643936
31303365663164363738373661346464306535653136333536326534376361343631333662363933
66306634646266313538353238313338353730643836653530363230303639326561633034383035
31373665336531373066646166306530623065663734306662646362356330353238373739636535
33383462383639313866626663386631353230323666373563363833643733346634303662326530
63613766333735353030656533363666323133386138353761663664303636396637386362303737
36336136323838626538346561623035363963316661383463313364633534393535346131623963
34633433623961356261636364326563313261343865336133303863376662383763333862356638
35366136343664326463303464663162623963626630393066623934626535663434383735393335
64336438346264336264393239353761346366303662303864376339656166653438656266613032
37303333323565326233383739623635306234313834323935633131356131336637333536386461
64376265616263303063616232613636306163336134633632393438633732323635626165366661
31636563383636613663646239636164306162656336336531666338346337656165386631343539
65353338303762356561346431383833626566393733326332326132633233336564313434616134
36303936626362323739613664613261356130383661613063623435643035613339663065323865
30383035666462653766333731633830613364383936643363633234396564333331373533656364
30383066643632333666653365336536633931373062393465646663316133656538306135346264
39653539656564383562636333663265666466306639386264656639626465313762383961663964
65343730313265383438363366396363333965653866346434303530633634646237316664633161
66386339616237626262363032316334643535333037636364666264333137653032376135616566
39393765366162333863316562373062323536386236623031383039346265346330306264323134
33396432623561306662613531393966373062356462313733373665386162623733376662363433
64616235346166313565653565336634663234396266313065663439376633353132613031613032
65653330316661326431323437363630366135386562646636363038303936316230393636653933
31376166666631396532396633383663636132386231343437393463343065343338303738383432
32303130666234383039393163326330656239633461336162643338626639323564313736356135
34393961323861373765646366646637386465363835383862626338613437613834393236663331
38623965323336643230303433343237326635636337383961303164373265376530363836363061
31626432316463636339366336663630636234346432313663306266313335366436643737653366
36356435643363326637306263356638363938323835353033313936313134613139646333636136
61656439653263353136626137613134653762393230663339373632643761383636313832663536
64343662313233336561363839643965663563636665636463333636376161623638653939323462
31633735313236356566313766393363396636373666363731306637353437623538656336656233
31346632323665343437666333393063653561663237663732326135616238393732383465363734
32653463616162366566613365616262386164336433643539323663356531373031643334376563
36306465666364626134313034393439626631626137623138626432366133643265326563386236
38656464643266323633353532333965613263613463353139353831633262636563336430616632
31353937636538393038633930616433386663383933393731396436366231613836663062613135
39316537656566363664303262643437633236396135646230616437306530663066623464643164
38616463633539666536623364333564646230386366666133623865663263626332613138396665
34623931383666353630303661353661663334373461333332616231363364333663383632306335
34366166383538623166396262336637336362343536376338326465653932613339613335303835
37343135303163653163613161326435313237376563333762303334326337396164323664653964
62383063323961323666313431303639616161376130623831326462386662386336313636623462
30353536666361383130636335653231326366656633393837643162323565313362626638383864
65306431386534613961363737393734633637306532393438313133636161643832653461376466
30636433386163353934343262323362396463373232386638613330636435626439663462633962
61613231303938613265373061306634633464346137613637376332663534633039643436353836
36346534396236366433313362326639623466383931623261643033336635393434336431373837
61326538653464323863646165393637316338623361306132656261353431356166616661623631
37303862663630333736343138613935303533343936343438373330326663346532383633333731
33383639366539626433633634356665663463333765326433303135656532316437613664626230
37323639643361316237636464636431613631306632326438626135343335643763333333356366
34303966623637353038326463393638376634316535663036373430333734333636313638653137
35373433636366636337666462313935393231363434376635383462353837333362633730396536
34623333663362373765643064333330363839383164343762396234646165353738613437343661
31626136353263373533356364633230663165363038323631653934656536333437663364376433
61636434326265613164386461366231396639313465626239623761366539636538663163343831
66323066353464376134333865663936643937313862353132303636613664303432623534313161
62623335373234633339326236663665396363363365633538656264366265353433643538616662
30666633306239343262346539393466306662356434306661656436323733323338626166626537
30623531356434366137653265306132353633616135636239383131646261663062316464623162
35313134396236646131326362306332343739653039383431336238653362396234633865626232
32633938643039356163653065646130333235353439313531643063363834616331346164326534
35626333643537303036383934636338326532303934343631333861643863363864366662366632
38306162383131323231363731636166353765316133306235613366396331666464326530663365
64333637616566616139343335386632633631373164323363303863326331373438323838633762
61313263636661643561343163346635373332643030393339326233316438373036323932636463
31623132316362633465326464343362343133396466663133333239333131393838626566663232
34393565396331363666373731346563633834613137353238623066396134356234323163303230
62633739303561393663363766626161643362643233336539373731333263303937316261373066
62303131666666646630323331303063646230613661303061396135373666386537613163653633
31356463353139396535663135336232346630303035626435376132306336646335616236636630
39366235656665353361303635343631303332386439346632373534343136623235373063353565
34353037663538313638313265303830376630666432653537656562636563346632653230663363
39636466653032373236643961393131646539616261376637643834333866343466383364306361
32633630313263303930353165643664393962366639633038633731643232343265323034323436
65656335396466653835353436313232323539636539336264393538636633333266353038303034
30653863313737643861626365396334373538356535316534643663643836383261653333326138
32656566363761376534323362353436366163663634613138306236383564306363613961323331
34376132393732326261376631313562663165656135626134346635636234386566346333336262
39616536343762356165333533386363356538653061313737396432623835326531616464623635
33623538373835643461373966626232363961633464393239373465373265626430396264636565
65643464303332303736363532313336313365613834366266373139386139326335643337396262
37366665326537666166643731343136346431393831636465303062643766633039313263346366
62386364323334346638306530303639626235363365333866333964633562623663306262333164
64663865636133376634616430393563356439363966663062626562356263666333316333356539
31383132643238333634646530653136313733623232376266343637653534636634363265313332
36363635623536656330376134326534626539303439363264313564646633323231643062633633
33306661346662646561653839663432313136313662393332646533373264343638626433313266
39326264303463383764623536396638646130333935306534366464663664636664313336343162
63316439393637373162343132613438626134376431363463356633386332633436376136376137
39643632333262303432356436343931626361316333653163643331653664366636663935613033
30623935643137366263373565346361333534386365366365623065333866336635303934633732
39396664383034353631623836313266373562396235653638666461383833343335383235653832
65353530393737373964626536323165636332653162346463656438363033653237666533393230
34323362323762623635373939326563643139633061663866343762636330633736626362343936
38343537373735633733643738366137373734653534323336653662326335633265323239656631
33333433666634313761303366373935376462313862636537656261363066333462373966386437
64363234666535623830643135366231333437383863343164313432303839646432633734353138
65383731663537636137393862613462303536316262643566643035316361393862613731613835
35633736356564636330393939363362303961616137336333363262636238343532333765313864
38626538663264336162326363306265643637366263326264663334353632613634343366393834
38336634373162383962643031356461626630333361653736303962393732663035383263343965
3430623638613065666237343961666630363636646436366164
